function mu = muJ
mu = 126686534.9218; 
end

