function mu = muSun
mu =132712200000.0000; %km3/s2
end